714001
1764213
1627148
1262832
1826438
1655981
869197
397535
736215
954692
1255789
351189
1091249
555797
2245774
1119026
1988753
1154509
2090844
1893461
846105
1028733
814293
1925194
1675837
1892257
2025942
240260
2222070
658127
131891
1442773
453358
315552
1799197
1385398
1810150
1593361
2395803
1619555
820619
735272
1059388
845391
2201460
2060305
722238
2014469
994495
557818
1595667
930249
558049
1257298
724015
1492011
110175
776951
1474956
374114
915210
1969946
1869933
338682
104229
1570203
1951721
1071416
815857
2102287
1405981
128718
46805
391522
453042
1587909
1948378
2535968
1711830
638493
1083052
1805627
2044362
759638
199049
540798
979155
707187
129891
118068
725718
164020
136400
114635
910147
2514777
816600
2039384
1706210
1607736

