714001
1764213
1627148
1262832
1826438
1655981
869197
397535
736215
954692
1255789
351189
1091249
555797
2245774
1119026
1988753
1154509
2090844
1893461
846105
1028733
814293
1925194
1675837
1892257
2025942
240260
2222070
658127
131891
1442773
453358
315552
1799197
1385398
1810150
1593361
2395803
1619555
820619
735272
1059388
845391
2201460
2060305
722238
2014469
994495
557818
1595667
930249
558049
1257298
724015
1492011
110175
776951
1474956
374114
915210
1969946
1869933
338682
104229
1570203
1951721
1071416
815857
128718
1405981
2102287
46805
391522
453042
1587909
1948378
2535968
1711830
638493
1083052
1805627
2044362
759638
199049
540798
979155
707187
129891
118068
725718
164020
136400
114635
910147
816600
2514777
2039384
1706210
1607736
1040942
2444148
2640144
2518847
119803
323769
1969637
1115737
1186901
804164
1026729
1524103
2596015
1489207
1570183
1062394
1278814
671412
1828562
2279950
1037478
614323
65313
1815796
861164
780914
1403240
2449781
1556336
198171
487384
1001682
1053520
1262433
386728
1038400
946711
984019
352564
968220
69405
1843589
846259
1749322
676172
949011
2755127
221950
1351114
828806
1608832
2757598
522773
2097898
2237466
1020931
2069841
514516
1059894
1571309
1890237
190833
1582621
1695382
2659911
519080
848345
679779
892853
1690353
637549
1618799
42152
664265
954254
366140
737100
843155
63499
10820
520475
521458
1018238
93842
1514898
459845
1383389
2164997
378781
2129143
2144225
486513
538214
979208
537377
1419243
165325
786680
746738
1523011
1989318
2022718
784791
2404778
1965348
178645
1027542
2964221
1872396
1382091
509510
1018869
813164
1400414
299167
1162425
1619561
1816243
679131
955218
808848
2058789
1291657
324614
781124
2347052
436825
943988
901854
61008
2480902
2002605
1546425
1915794
329283
328472
1962758
774965
2469345
1921069
888305
1344602
1783725
160106
932223
1783812
192508
2860521
784977
1643386
953586
556313
574471
1655728
817929
1561394
157861
277009
2410948
1055147
1649842
480207
960875
1501472
865851
2546607
779452
183511
131564
574107
1098527
124701
1495848
1047758
878963
123417
1065224
1676342
2150733
970048
1071369
133938
513347
1916994
817174
1595191
1341959
1110281
669285
675330
1065898
1253622
2082013
602973
1796420
1571863
871154
207659
2122052
968065
21010
760466
762864
655794
1083458
33670
888010
791636
633375
853625
1043348
1352342
26726
257793
202756
229493
1640362
894090
2017799
822553
380646
1793684
1018776
563946
339055
616929
947166
909032
628637
252238
1214269
652234
817987
659439
1700275
1804239
169505
795627
1355664
1530159
1157344
217253
12789
1909555
290581
2779001
1562308
109939
2349467
969681
364532
733755
2512181
569636
261705
2522353
1649597
550235
1236582
34211
889634
1128411
1932923
17909
2034983
888383
2586235
1551874
812590
397476
1008998
1623285
764517
1046339
580945
1478355
1451703
1898518
297668
1863289
490154
771496
1164988
18801
1623892
948389
454289
796721
1801873
1736333
1236756
1626537
138552
1896735
270980
1587275
2096523
1218337
953394
2730461
116128
869240
572051
151008
959406
277210
1592916
54697
434380
151229
1621319
1483372
696225
880321
2484994
1247976
1601284
1129193
1541853
187015
1828346
622407
1174467
1816320
2316176
921252
1077370
622287
1127204
2022409
1848919
2278232
2868388
680751
2739798
999944
1026666
1649528
890190
155929
205022
256027
916631
1989857
1056562
313594
46921
632523
230523
2419371
1754266
467689
153307
1185260
959426
263368
1513223
107410
2360153
283593
1473301
2249059
242002
720559
700546
1870911
2330357
1917082
667216
1162433
1348014
1180037
1661048
47152
195165
163054
1341957
81802
1173074
484669
309077
43423
1996783
50625
877625
740040
1181061
1131984
815071
123429
169398
742717
39514
342711
832140
56063
1790044
1933413
476544
719517
1559974
1040115
1481624
1513237
502418
788979
1900434
1035898
402496
1808400
1295253
364473
749274
651744
672564
1378285
1512177
2615748
87570
3217116
683970
616659
1056207
956502
1889232
801158
744673
1241370
244691
215906
221777
1135331
995837
593823
1481140
1074246
29718
155914
64468
834589
949234
417897
235751
996109
1416839
820737
95543
506520
978382
1396342
795232
646530
240488
239931
2336704
97810
2016274
1596706
402624
471257
1707994
1102144
456042
1158325
1836593
2680865
1521305
904307
1347841
2590221
527712
3206402
684163
1956104
471598
2198494
1731468
2185824
1468467
589969
1863228
2024692
1786960
1210089
100228
662590
124304
1612938
862088
29956
1053232
161787
1964685
958176
1725588
1827616
757003
2283637
2599601
625323
2077121
770127
929905
1509460
415887
1182213
37762
718156
599863
592367
2722655
1632945
82033
204428
921857
909494
1020502
2234050
863037
1169701
795988
169089
2486881
130500
764441
1665829
1255349
757823
2188031
83975
1425283
965549
3135149
375836
171126
893739
2461085
1017266
1085554
2019478
58286
53554
900631
1431582
1626530
2651581
804882
1973410
1245760
396353
1619338
821691
142905
793697
713128
1158221
295915
813772
983102
1082245
1863270
130754
1639084
1861763
2512375
1582771
2112908
315356
1524357
1569904
1899581
1513623
360805
1104572
96828
3410653
1658474
2098783
1209277
646310
265791
1215688
86324
826968
937647
869222
1031604
232673
2161305
744040
1571448
665200
1270000
1701404
878721
889327
1170505
25844
95421
1858799
1476606
200143
84922
679071
40017
752615
1864175
2468866
2837544
2641806
1211828
1986766
2022204
992512
850263
973744
2570165
1573320
1966099
609691
2932817
155404
2096054
635679
1730154
185670
3018109
348605
449484
1992317
663992
166064
495633
1159425
187901
74498
266925
1593298
861381
1003944
1474795
1839305
1911333
2285696
190045
57382
759316
345600
455829
1653239
1320292
633993
677886
1493345
135247
70667
140665
1841188
82734
24745
937170
264370
295985
1092364
690778
1097543
407788
388878
1139789
337998
1863246
1906336
1317186
1693575
803402
185497
1649183
43603
1977528
2204234
1242790
2033294
1898986
1180209
275266
1095855
1402392
49610
782310
756448
1147
421066
841630
1312375
1636304
518878
287269
1114132
915154
2478227
699471
1317261
549630
374841
183856
1199955
2048477
2519704
778603
1095534
103439
2097992
211154
799913
1309290
1029307
2302135
123391
611157
1752315
794894
1362
2342037
962959
694152
1138260
1760652
2046445
304602
2138390
180888
858389
505562
3518
1530025
1644535
1264831
1264367
790415
483375
1501582
1603791
1714637
1289927
68036
784411
680875
1871128
947145
1066054
275389
581141
1802637
103300
733943
768986
537235
2477069
3648544
1695991
1217803
1294950
1148052
1018411
1915096
703905
147379
1772049
1758428
274901
1582541
827803
1303587
1181761
359411
89174
1041727
738929
2654645
2338623
1129145
2206954
168355
2330482
1179849
978326
434438
742975
703419
840338
1027361
2125408
828935
977770
1846146
884664
1654579
954108
368558
674206
82785
820944
2281378
1271012
956030
37433
306255
147327
1926331
46003
638551
1267491
1253252
929999
941270
698529
283705
1480932
553854
701254
789765
315723
1848985
1201303
668662
95689
1256809
1183255
785097
3359566
2058075
69439
61817
811127
2328679
187455
2088272
433005
2315558
1106276
356030
156352
741572
1514412
165439
1385941
678468
72585
556638
1670139
1084742
893736
135804
1128219
2125723
2699138
1109552
1588369
1240481
460656
188961
2505956
557987
1395942
1863235
753769
82249
1182090
80991
51088
1678956
142954
1941890
2351162
1006822
2992705
95431
1255495
1883681
74891
1682436
658561
1934828
1746840
1773386
287175
905800
1888032
2149814
1407003
59727
388623
243008
2730824
753445
1177545
701033
684913
1508874
1706796
2809623
283201
611879
1289675
2041972
1383473
1231520
667730
93680
1067123
86920
705329
153857
767311
1742483
703467
1506887
122693
2050696
1367999
2805421
2012527
692031
1087294
2284960
254002
2523668
230641
164183
2646355
2050026
1630299
144769
494818
38115
1181042
1813910
641441
308009
1065884
546944
1285526
2223259
1863224
369921
735356
1527747
2133935
302238
1272890
2401868
677938
1258156
404910
1382127
1281115
858271
116289
111680
821070
2116804
727998
177970
473210
185166
1564191
703513
2156120
365637
209276
1955676
2022692
940706
1824800
1321492
2327792
1010879
1024480
125251
2945934
1258642
2252029
602547
66729
1716386
2271162
1582612
2026805
231181
1093374
2494720
1419403
803199
1898297
2132924
1419801
581623
1107104
1828249
1483732
1021312
2073335
817200
3834006
1011599
517963
3251093
1396122
1033430
1482116
1863256
547598
877312
1659553
173015
1166813
1306493
1881639
1995061
362949
1221602
948431
777303
425385
2036811
199044
137501
1316822
1435653
429548
2485439
1036230
884693
898577
163789
211697
292574
1788628
2077126
2394642
311660
932141
1562151
2036650
1852572
283897
113978
791274
555651
1770215
1494828
1476582
353851
1014241
2133966
533775
927487
816221
688886
24722
1650139
514597
229695
492285
412641
1605598
2601893
138683
1951973
49679
1457925
891867
665149
1256930
2742959
965524
2753521
73561
1351722
2026320
1142960
59892
149388
791264
108314
1982308
1288675
1277926
313206
2190058
98415
1949788
571981
308593
2173002
853412
673916
1177269
22623
651933
1453152
1768904
1023667
66820
459484
2216530
890467
321521
710986
62963
363639
1566387
544993
3385971
111439
350094
72469
1901963
489533
297663
445437
1561819
1726994
716176
1399240
1553251
285549
1192807
1762431
368933
2258888
707460
66336
2530755
837237
1911768
2021335
716398
373781
1578798
145669
699318
1116124
1586059
224476
284037
547566
1268518
231664
1295194
67086
274050
1863201
736300
1585741
215181
151569
1039164
2463210
176895
2409643
132640
1510355
26547
1438389
178487
112586
1460972
60383
798270
1073964
2317735
1763013
207846
147377
1635388
175783
1819898
1656911
36965
318340
1381991
1846447
70760
792712
381500
3400
2428358
872885
545389
1983358
160056
2036903
254562
2335100
139634
1581851
519401
4095185
654108
785394
1284722
1744286
134301
451612
134621
1108701
304289
1601787
1186443
193131
2419085
724474
646390
1082614
443272
1290536
1551135
1122817
1741594
350132
535808
374835
460809
2628166
1120405
653335
949029
132490
439956
833389
821785
1802209
676193
1582674
2654458
1321542
2114136
938174
45924
2657558
870839
1950799
950234
2066867
1602801
681304
2113992
559673
1023307
1080094
660357
2885483
2070070
734339
634245
555050
298176
764841
1985735
590695
869285
65312
1178526
1566017
139077
2532278
137766
187378
434381
719902
816327
124029
66246
434913
351796
789827
1885374
1517511
524417
930203
793107
2609731
29035
958093
1816113
1017927
2580222
1377957
481057
804960
124275
24482
1493532
315260
1812660
259703
495899
313025
118226
169245
214248
761857
766080
718679
534946
1509693
168164
2777472
2161155
1995244
1660974
790238
365922
678106
109852
1886839
128872
2085384
609843
816627
875557
1740092
2206972
988397
1620271
64394
1070793
218902
48416
147303
50409
156754
92838
889177
985141
1799638
2443190
92071
3870286
780200
458638
1073279
21625
1397837
3030240
1578009
1477241
1788240
144766
2149446
87369
2625940
1328177
1028755
1031480
331845
902873
867391
1023086
3147878
31162
902996
899732
1554502
33579
805798
493755
272026
155855
823324
407544
46016
520372
577517
516322
1991379
1275831
65679
187228
1601353
1826561
677751
2358133
2625911
285086
894011
1971822
497556
974662
2583616
1951630
357602
821548
1715917
1250271
1001780
1125866
139506
1112356
1714827
2017880
1413768
713594
136655
60089
621703
128672
940378
274319
3601629
694350
83198
150548
1391631
23847
1950850
1018250
799236
2684033
3150892
261703
1857321
767046
2033132
2101557
1804850
1942546
484036
2628691
775074
665787
1185311
2549105
668879
399465
35802
74684
226320
65693
1863205
462700
323070
1487213
3412638
146372
989017
1452709
922916
2631277
1382895
690608
183541
1582902
235470
947556
1657917
1656879
1630904
1228909
946082
1442846
1056140
611753
389398
2014389
2104522
891293
2078961
1537198
2589321
255700
2481605
132623
1785659
2061024
2570594
1464221
1831120
1990449
307804
1864007
475190
281157
293224
695766
2328751
319694
123152
56533
1805884
99435
1300413
187410
1917397
1831842
1820339
1709121
1019417
789815
829747
258251
369981
1231363
1282215
975517
518331
3395011
205282
686413
872110
1067681
1415441
2847753
1575142
87066
2889019
901050
434870
3412619
1123155
281523
200670
2465106
367175
70966
1193449
540749
2096800
611245
148083
1541907
70056
1657639
1605148
1227359
1121504
1795805
2796473
1306992
569225
1920615
1358299
2233436
545933
2004342
2488019
2995539
1116838
858241
1367152
124321
2067752
1826136
1609251
1781960
1059079
612871
242822
1669808
2124067
153896
3042164
1895004
569097
1461270
1854022
644971
553820
1582806
1077323
1332969
768555
1932016
1770623
3671
362940
382042
711786
95954
485284
525910
877899
991267
2283348
1843607
143798
352707
74852
644989
298034
120856
2625297
1575620
1122860
633519
40030
85106
150057
1117448
1860169
1831280
645436
2363005
656385
1083202
551348
1477910
642687
1090928
1699366
659683
1988911
1469240
509388
9892
205618
2480927
1001518
56883
1043223
1538272
2076261
256627
517595
326864
1008850
924717
972364
335628
2554617
1772897
386140
1076701
178353
2826252
1018247
1731701
291523
538161
1602635
1121245
125245
2299512
1772923
975036
675734
1709151
1067358
53822
163398
58064
1177094
49531
1819160
53675
45838
435350
73494
663725
280677
2281078
1640291
155879
1178184
734434
724149
2659368
1951214
1056889
162009
898367
1865037
110835
1696257
154582
1270576
1959143
289238
178643
1938125
660622
1651468
1621867
126677
397299
1346543
232661
1023481
541797
208085
1029677
1529760
46257
1518386
26436
103051
652299
31800
1375578
2302027
816821
264252
50354
1849580
28578
655300
2719326
743896
92643
1582579
2803688
2120896
2593620
456277
410954
108021
1950290
114446
524096
2851929
1086431
1018019
1774124
1657683
131362
2726492
378126
813938
2650657
2019271
995533
262302
99342
116876
1243559
1109940
260098
495541
1263789
646643
800237
1949551
1958309
2015472
656337
1555717
1160996
129080
2317127
2195806
1429457
188819
76638
1279815
803703
1674283
1003866
1745849
3121360
1944412
1205138
1226524
42237
767280
1601387
2137165
973278
1500990
2256206
1582605
207129
1859841
1174927
174739
290188
1166087
80
1582594
1434844
2010411
515914
1582988
684760
1527884
1017975
687859
1540385
733432
1031991
137166
313621
211889
1119965
415941
31906
87266
1679789
107875
1994802
1863462
731966
271848
183364
38800
1084804
155409
2330438
70918
2762787
490185
152826
1245345
2904100
967546
181589
425779
1028006
50719
965016
333857
798853
553293
641387
3099518
932432
88705
2199470
2564395
1541571
1724319
1793422
89547
1541293
137111
1876015
34870
77033
3912664
341891
909990
510015
1214526
2226722
1670491
104986
790218
1923145
296432
498989
1311904
1509639
705091
1668949
2231831
505083
1613615
930378
574187
1982146
967612
1936782
2083422
161776
711678
1484776
1972480
843707
1563135
1543673
900957
1213057
1462180
455679
2195530
1731880
308494
2831037
1410860
1353480
586763
1814494
121429
1717851
1652172
1210405
76663
180663
200734
391228
1949730
1828903
787957
185443
1701892
719051
1252078
272291
2227960
1142643
467765
142588
1773499
143853
242326
106421
63602
1843236
255694
988793
1451282
697276
217940
610295
720909
183357
2515411
1008503
2156420
1693862
928937
668549
958661
58454
2442439
320127
181097
627687
1015853
1367804
93323
1219126
1707113
91606
431147
1704984
1216881
27737
92386
2050536
2003923
1004491
76519
2272898
133651
841899
172662
2587024
294387
1576304
166126
1559384
775380
182001
1946377
285708
673787
2139064
1987500
2981274
916788
1599674
1148303
1964454
83261
608923
151644
27638
1168807
1121032
1796164
1474012
124217
144546
1110320
951600
169004
970946
901096
91215
1521299
77310
222621
1200112
1482745
486619
2857513
1170453
1863412
3445237
1099759
1660763
3551549
403180
1775286
729460
1827432
1644943
145361
204956
357801
2509215
95391
888715
1099383
570975
185272
439135
722934
1385215
70365
1379821
1054400
71064
646713
1636104
244781
92037
2546306
774837
1075653
1300513
851255
48985
740044
368673
312036
220411
2822288
1360672
803828
532796
1758872
231917
865480
224514
40203
2978156
865344
40607
1621263
975418
2620911
2792373
2184125
1910549
246599
1104841
1438917
127363
800435
147365
239816
857586
2628777
173243
1021578
1669719
759192
99056
1303844
2604568
1613687
587547
853919
31895
2267030
2287891
1653519
446256
345578
358362
1346121
1575364
290305
2589557
2685040
2580634
50712
822080
133440
2495568
294801
1651310
703657
165883
2045979
88397
1355964
109479
221509
1231091
1400912
1581349
902048
1128185
1633050
728186
1612329
1128531
337873
2996123
172501
145157
1677982
484661
1203638
2830656
250368
797845
1093703
459939
413446
33476
1199852
1262049
752980
217611
51816
2537540
1382561
1940875
1701563
1865075
2282067
1736729
306018
612045
589581
632877
894744
49499
273772
1799488
126229
1154766
1161457
83813
673086
2444527
167055
58909
66563
1647371
505109
782953
1353828
209886
11517
1144839
2231704
94005
35910
955864
2132775
132466
54357
1500650
756205
54868
1737169
2854062
1227263
1935389
2957958
150238
29844
1258135
792581
1103732
154207
863249
907626
324516
626001
2131079
553189
385856
766938
913346
276915
1579923
29294
97631
1152537
223146
2787354
145802
781370
162405
424925
454109
2233760
891250
291562
1732601
205941
879476
36614
1662095
555291
1126915
784054
1099936
2176046
679485
2662925
1101356
280899
1366190
718998
442295
949508
2590943
1574314
44401
663656
1973805
480480
291285
28895
365278
1183603
1678753
313225
1770368
1562551
2121051
1297787
36658
912134
544671
1514275
269963
125702
16266
1634984
1392757
63893
1367259
229348
2075777
35015
199991
2151203
404024
1190510
2156323
2015527
154165
3100567
431845
2243773
1773235
263070
242948
42767
1501840
48624
1492991
740692
2360811
2649160
333074
327899
464973
1121435
307618
25550
2054965
1033166
1656874
345858
2910723
2886461
523376
1250656
924337
286033
1034343
412306
105950
594965
31210
24517
2356514
71080
1290095
523397
2295253
920384
123374
170608
2292925
1827879
217552
2777517
1106611
96281
84801
352863
2005307
34045
939072
690909
19882
2389623
711209
660247
154357
714190
153754
1395749
51454
283252
822592
2616981
815219
204971
345283
95382
2646717
975588
927051
2033680
397319
1682475
1040647
366182
10386
609129
3399989
74595
2961828
1599266
1809677
532841
399756
442243
600101
2105251
1359767
315
1479410
939618
206567
660818
1468581
129613
511382
130067
2508896
155407
226563
1212852
560864
105796
399738
1553356
1573191
2127114
1330828
69637
393360
2006067
834370
158587
1092970
1053130
245377
116000
1154100
70217
1074378
1174838
729986
152480
205405
2719334
135385
2225036
835941
2569254
54337
2941529
620909
207299
1822957
177346
60856
471558
769275
249596
65417
1279490
2298847
492126
385544
798083
3062999
1702186
722224
1698594
1231252
1686044
2004799
1836354
747855
144172
189292
819500
152180
299316
1800993
1294882
1022525
2051592
2042323
1852618
1677107
762631
529990
2366247
1860991
135810
1070249
1004556
1011398
1594266
238128
1637380
2601731
948490
184578
25580
2794354
86266
85494
178489
73699
667349
2385733
1036841
2097124
628755
136768
2112910
1271985
96219
1918015
803418
1449416
937380
1215538
85128
1353324
526282
2467941
2272860
355533
965369
710881
941147
1371599
1120682
1948941
290060
1649675
2959445
1304814
1773876
40062
2596847
2013012
785580
767774
1510004
1052871
403168
1347936
1418133
2021499
1513428
2889075
1844019
2134713
648339
688304
286489
2274013
1684161
2607032
135977
28755
154569
1330566
96033
2923009
1186518
461600
57735
1843575
121611
1696290
116708
684101
50703
173567
510510
1354114
2161101
254370
281778
1157868
1879801
102592
796606
2567738
169450
756508
53987
1694106
731535
495538
1220408
1410331
127011
112219
351287
138830
24023
791390
185667
407041
898106
101901
460456
558277
1837308
2059942
1536491
883094
727715
1106518
547275
178614
524018
1738992
1758255
847296
919196
270490
1384287
2388562
454449
672594
2659481
239037
1155085
729619
541673
634879
1240783
1412805
150757
1577478
3320563
104945
503262
568156
176347
403050
676636
1014643
1807735
747082
695823
577427
2968792
70049
1652163
1349998
248827
2138509
788113
805855
1114066
109163
2486948
929613
2663986
76445
403910
105003
2476072
679226
1025588
162444
507098
1862525
241578
244539
1067194
220792
2624413
360634
733764
823873
1322346
53930
165519
1102963
312770
1853285
771858
72352
90466
302686
170196
1927666
199304
67640
792057
3095039
517308
175397
988619
2335553
1602967
951304
59693
157022
481685
191942
103673
54307
1234022
2780850
966136
2485487
1278221
1295867
910913
241143
736729
1126761
1568261
788488
1315053
482147
764082
1822903
1019570
2584022
446378
2267564
1092805
104635
2475402
1668496
155347
2022477
436442
2367263
1441081
1427838
1033739
64267
53318
1046775
96587
353135
2791233
120695
3133715
1678000
1658399
154727
2507884
770576
772293
1707233
244224
3019637
777055
265104
704360
860188
309626
368229
1557181
161611
1336999
3008141
28422
1042788
2437233
1109913
1572198
896843
208776
2121136
142856
666535
1649482
2479386
2128030
70678
442221
1246968
1217097
217496
84811
1216800
1649031
1809440
764310
181299
235949
482453
299041
78741
809469
1765069
791029
85924
1649064
923319
176323
61235
435273
317917
96055
2504106
450104
1986032
1697643
1185036
2156842
3210497
28055
99094
2057623
149785
19828
980638
471971
665659
123982
2049362
2238336
2169604
538573
1049246
749520
2324581
943019
711357
67714
115352
2467910
233070
363662
134364
230050
118751
987514
1690778
245816
146235
275259
139139
1391413
236486
143036
252000
1620293
27572
1453452
297463
1867520
983410
94966
2450295
757664
833605
2686032
465095
1015113
997648
426550
2944003
586381
876708
933228
517562
39825
2476151
308462
457448
140558
1828449
1179870
1397951
2162848
322055
976681
2947984
77773
244230
1187393
2831362
419190
1513315
764292
178067
909244
668211
808621
1831032
2689510
495543
1065000
1614477
127736
2133119
2621030
1009097
38604
96142
2449773
646087
21862
1649108
45895
338912
1259431
444356
1977960
1270874
204564
1077949
1872633
1725369
148716
1025551
203906
105917
250454
150837
182254
1680650
2669883
86994
795015
497392
1656604
408298
2674642
2451721
8708
435994
47030
1962335
271000
1436235
1609590
74778
965243
674128
1316758
798950
555113
2266773
957971
1609620
1094998
57696
1482800
41339
1300151
138008
2063570
465548
426449
2575572
3159457
847379
1083816
47047
164713
360736
1242032
226605
2265282
527440
412573
150621
325209
936026
1208071
1040644
132013
485423
641605
1296370
1219692
1396767
1348764
2241147
1047256
829153
58606
3579611
1020417
1348158
236466
553034
386372
165740
2445438
1321823
1746902
98496
3206
106491
1965649
1037392
1178810
289275
64066
1013525
75930
1003264
1392442
274910
2730593
1719416
736490
797108
1450273
1654075
919468
2168649
569735
131134
664328
710727
792832
821165
1443674
1925409
649861
967387
296
129847
338759
2823273
1131425
698164
141525
1861487
41900
1893439
1681634
105265
1983024
178706
1640908
133848
314455
819641
244182
106965
350238
2752038
869310
2046653
166151
2361582
3832960
1020110
73473
2924352
3334672
206773
320098
87205
1773002
527704
1657952
1627870
680652
22506
2503194
1517062
2064453
1663107
838526
92426
1819777
2083439
1438380
1092402
36814
551273
62179
368524
538765
9007
650660
756065
182276
598867
46387
1432783
283190
153402
1544460
1808741
672494
1972924
2629594
920988
355581
2073107
1537817
74628
788788
135696
1474491
1024742
2131344
2069999
132637
1439146
84218
515360
1706017
33655
1419681
55596
371660
1204252
668124
334472
3409202
558483
401126
93964
162917
263807
165988
2255709
2467744
259
2475433
1286241
569590
1181795
157054
1908514
28472
538404
114024
1945175
279731
1883745
7717
2606014
1994564
1243846
1252022
418762
145132
1508535
966307
344715
1055358
99119
374574
972401
898195
2745
266685
19482
179070
159316
38856
1778560
544837
144029
2496646
110914
124771
158823
669836
152908
1403949
301676
2798019
746468
274029
2825599
2609957
86219
2741533
3257742
1118311
1041710
623793
106156
245924
123533
2036340
1390362
58138
1385629
75655
1159672
1697645
192515
1276141
519009
2487454
1505415
1303748
152297
1775314
123585
940239
110360
117182
245658
1148154
60282
1832316
1100091
684970
507910
1691360
107554
37980
112531
2772767
2719427
83603
119021
1307291
33616
140111
1879808
155064
172473
1627723
164702
3963421
76856
129614
1377665
134447
271370
593141
698185
154690
288660
2328676
397864
760743
69929
364572
52476
1383825
529080
148000
689290
3187413
1784189
1388929
873832
1529189
143301
450182
184241
2211017
1141858
2293450
316547
2647406
86564
1451342
181228
270831
88910
2590758
1172819
484269
41880
236854
680902
837877
1148672
89856
253449
229699
384718
1639219
742890
1287292
779950
328676
2844963
145660
1393711
874124
1385760
1571242
107714
651244
1907051
931853
745224
1128086
1029950
2915859
57405
361015
538930
1219094
1850085
2201738
1064417
673632
1609384
1972802
806017
452186
784893
93962
822682
60215
282251
936800
1255280
223266
1418911
1582897
548376
397832
2977095
1563453
3062080
205332
272815
1761256
849199
246718
1754360
1319699
378131
821201
1009933
1512820
784751
1064909
252263
470315
65233
84538
847341
120030
903357
270536
1123759
1264233
1371131
309127
472110
780865
156904
464275
59823
541990
2365752
466789
77781
916972
663001
659237
2034429
2610039
49067
2017326
2710807
953697
2155643
76512
244117
155235
346774
665721
210164
288339
1874119
230967
208560
1725624
1927541
182007
142239
1048622
813987
816453
249257
283858
890974
975667
807414
403039
1519160
121682
85840
2563724
43814
804411
908042
135396
1294192
136522
197004
97903
37343
1803401
560453
969549
1742937
1454085
1814149
1562891
839569
71576
2670759
1822108
46917
3811725
677152
539361
87726
208
264090
2153557
137351
116273
597469
1001921
736886
2194297
3041712
120132
1295814
2287610
1148050
851614
2258374
133723
2611482
2562022
59121
3526424
195151
210718
116023
179758
784368
215237
150272
435472
298880
2444910
1971660
142590
138333
2731312
2270137
1410938
1034385
661243
533274
1799519
1032495
2476161
380964
161495
442905
236224
1448813
380475
1836239
1306398
2640351
136540
933587
82476
1534949
771275
78171
452044
2533116
878479
252290
2177260
680886
813392
63188
1838165
1100327
2054608
1091032
394141
2155699
163836
557703
1512691
1547972
907200
97119
35041
2081844
1304831
2446750
43900
2437484
1270538
260022
176432
1570142
1636508
91462
964130
1599393
176549
408128
88899
2419262
3591213
53701
166237
3373331
1187506
720096
523169
772286
1014480
722596
162071
861239
2288582
74207
138816
277522
1572457
1543369
963261
725908
3171845
439141
105004
93725
1822016
1520611
540060
245599
674696
52198
243495
1983456
2023120
155118
229662
2324863
1531876
1331340
77509
139652
538286
1360912
307872
3696815
912585
143989
1518497
978213
2542146
1945451
243983
33535
1988705
158621
1636565
2581610
2436229
86269
97934
31992
118343
306683
257391
1508196
1681615
54581
113549
909507
361011
578505
990527
470051
437328
75061
217607
855730
895275
721998
2140171
66458
564188
1020713
1009530
1254093
1292936
2847100
1558923
1963977
1058919
88633
1969253
25927
2993974
1826966
1289157
711758
2653686
931856
2994883
563731
181565
1503914
69396
1580093
1918539
1257217
262034
859207
1426038
76642
88002
311573
1033882
30726
2200063
775348
2714569
2673453
1356687
1294709
86996
522818
899467
145118
75843
416215
1349621
1437384
676109
58614
1008231
1445892
38276
828242
1523740
738585
968643
1093078
24577
90434
204536
1387259
27845
559446
2008402
94972
3102460
2075222
1710792
1047286
1541243
2107577
1772214
2836433
1949536
1996683
2798016
1417797
1811527
41938
318075
1935932
785960
2302956
679753
709517
1154153
1825504
2521933
2210863
878109
92716
146299
245960
1901537
975385
114346
1401477
417910
216272
2317225
1816958
837604
413597
2284591
1546350
247999
2565415
482650
56924
323459
2806598
2579159
1837666
1283481
2316005
1986498
839153
689775
2266013
279610
68929
3226670
1125406
2708983
1524183
1995228
1389960
2617772
322867
1648966
403006
2786980
103297
3251863
1938318
574050
1046847
43978
1467696
169387
2524851
164519
3370177
174644
83968
244488
1215641
635407
632363
190503
31730
36670
1689076
1601798
382755
1120973
148316
774564
2699196
1488855
599487
827835
476043
1626968
848084
692088
2559126
1573997
431957
994568
3420529
439264
404687
1114721
1027195
541227
912625
2968671
1004237
1968440
94964
946962
397594
1345676
230127
220975
2455001
132946
413197
794750
1850934
2047629
157382
2113754
807074
1267082
1289422
3583774
744036
1683433
1251955
53404
216140
1267571
1218888
140361
1109463
52862
356968
3844651
2447121
312933
766969
1384740
241969
2053058
2665294
197989
697605
2234162
652127
2179560
321559
657519
378178
2191234
2088231
546514
626245
2522331
883754
689157
1384919
1612129
94467
1019006
83391
1728720
496006
1662231
237848
96523
1403163
2988681
290919
1790104
378270
186645
2108925
2540648
51907
416211
2287401
1392499
355154
45211
791653
517247
179050
1016169
2635238
3834498
2668756
3346256
2050364
116169
705059
46623
1020008
1636195
310171
1696678
2732387
1582585
1016316
1184224
3700933
1981785
3050529
43655
825238
2084350
124664
383192
40753
719282
123021
1521043
2092306
2735647
279481
2488855
2586018
3294721
380142
530560
2702487
133729
1015986
94588
264159
1979601
821525
1650442
132034
1484308
359780
726381
1088962
479354
1713939
2543595
142145
1083694
146396
4098658
985879
1233607
2335991
312959
2644232
2781567
52333
32345
2844649
964586
1351501
282697
968504
1905558
1249502
369401
26139
804727
1460834
227281
105191
1480366
1624417
792482
1580858
1317992
159866
2344572
228919
625507
468186
467380
95875
824970
735689
974854
1439489
353834
296250
1687908
251096
1677967
342423
383850
1522505
96095
1517793
231988
831241
2938751
674979
143189
1052460
218021
50845
377903
895083
902888
153235
1506794
2287845
3522738
161338
1258115
3261941
155557
2673768
1122284
537411
124295
2263835
918391
1962945
1492356
746772
1720982
2696658
151588
1629264
2690223
1593262
473697
473218
758198
975153
319546
2854818
1219148
931575
824242
916958
795971
2446893
1249175
55535
1537566
585311
1607369
3685648
2077771
110628
1773168
891079
1179257
602881
23255
1510874
758459
407093
1088587
108762
1342612
127735
2295254
1968209
1510212
2587041
1672657
1881837
373834
790131
755482
108094
2051808
1694013
2002612
399221
843906
3555372
739841
1052353
1670009
1943424
1010309
2200171
660593
125957
938613
1618986
2553755
79862
35819
2107124
141961
2305009
2086326
31286
1805791
550049
80197
1586572
382275
220908
99254
32977
92051
1551946
3758092
790227
31687
2917229
952010
2392545
99816
1028171
3178543
1820921
494847
554363
955697
2406461
493810
2627179
96836
54363
674910
403276
1451158
80334
36736
1610200
890911
1628026
1245830
1619884
808983
793845
1520550
1397544
318975
2769850
956270
81749
314179
41313
1919103
211732
61660
74273
2647275
1403907
1382695
432839
735164
154311
1626300
674176
1901598
775806
2162033
1283956
2761068
1063562
231257
735806
615303
1754777
1142511
1701711
2119349
1741736
1466198
194203
2146132
63744
530250
432346
56524
226351
61843
155361
121607
202216
713328
2060955
2449759
1436435
894189
339640
3020123
1712791
1881813
859246
48098
426663
1416124
1081936
84964
201560
1522613
106033
3493583
414224
1869619
1583483
1636879
69666
240107
125211
27596
168816
105718
476048
1373874
2686592
21287
673532
1787848
1002236
822694
154512
1859166
830158
29685
558765
1502221
72358
149559
2495051
2245906
129317
87862
1139535
2228784
113750
3825328
1315116
684921
108095
1234535
2598921
807140
2547378
3162658
2115117
1722890
2229349
882432
2861267
860486
161632
1795146
1808605
781873
752331
1095507
48646
1120086
57380
193647
59831
281182
1413113
1576395
1518394
1313082
1126460
100852
2604745
922748
163973
860488
208747
560739
1526598
292006
598771
763348
2007529
1632332
674234
237576
1372142
1045200
986375
971405
523575
999720
2529907
1292113
1644000
1401257
1583059
1324385
873670
58248
52197
966177
951132
264764
2154507
18252
778929
559611
127733
3166325
1312156
260489
1575381
2162117
713932
1588910
2293349
1780771
1252544
1809113
85550
2073587
119238
306669
1355247
89800
193311
2079984
255323
3136057
1229107
2399903
60276
1328698
2675809
1349765
1748080
2556238
249346
1678457
2276916
1717456
1467820
137575
1542345
793727
996296
1387177
2980379
2953423
222890
131139
358556
839711
3034573
211903
433193
220394
1919574
742675
35450
725920
1575079
1932446
1079056
2221095
120374
1097891
1562168
921840
1633693
1840044
117418
132043
272554
875761
2318887
154236
1263478
141773
1702903
735021
227772
35831
257690
1605511
85807
348903
1925935
115173
56648
50349
1640530
166830
472619
1217241
106919
1316977
338544
822166
117580
283992
72617
281677
140904
1531044
728874
127047
33868
165
1734206
1045757
68130
470939
767203
413053
2712688
75673
2283281
706779
537887
490802
1924484
177973
804001
78367
269773
970204
1615502
1992446
1980432
1702827
2951375
2020483
1643380
2461848
1949106
2033879
79362
106096
986491
1082770
464294
2322515
733678
51117
71182
1780051
257882
1282789
667982
1469009
2756371
371325
917176
2070365
404823
914237
105727
246217
2946768
543814
772476
2507690
1275989
53091
238685
1304320
205958
117827
2147636
1802225
761926
1647301
333675
152419
408378
1253987
2393325
1451867
2590119
251200
494045
1290650
175328
2506721
2204927
2136959
190779
70350
113749
382985
1743778
1436185
50858
1176117
430089
88302
217396
1833962
1941088
801849
1734403
1006382
793960
782160
863999
139065
1458199
1319547
850845
79213
361263
1093398
1786106
2279617
62256
279140
77201
732318
1044456
776749
327673
896753
137405
2659724
646681
2355634
317549
2173646
766232
1398809
2095008
985875
2682467
1072897
1226973
378617
1591892
229014
1219748
77232
1828823
193523
288788
175250
1913605
1380717
219614
1278874
249438
1728042
3132574
1257142
149942
1091478
2152330
1541577
335895
85355
647610
797288
37517
149066
1812515
957827
297950
145601
169300
782276
2036666
2847847
1844335
1837093
579709
1119328
3551658
541430
1741062
1130590
1098833
806581
1401608
2259898
1032348
74229
2420876
26704
1992467
1163090
1509517
1121944
817155
841426
118097
479235
152491
39549
1467254
112556
1206112
1193089
2271054
2323413
92980
29802
2382822
1101191
1625011
1119398
1354196
317949
140217
385559
132608
2399033
748505
1755730
1620589
1809151
2173528
3055878
438732
413325
1066243
2107708
3440631
218950
106361
1965652
89899
216386
716764
279208
61802
1818788
927358
2407324
1094551
1765284
1387233
49101
711736
2311203
1511724
1553157
502414
114534
2634217
1932689
1889804
1763062
274276
580225
776752
30348
2450272
30790
205047
1556692
3100560
2195342
1232706
118410
146610
775365
1054507
398618
1966084
218276
1836680
917120
1614271
22601
1776628
992171
1614421
1354636
847370
322744
1129049
1929567
1433311
2319009
408410
105991
183460
2039778
312786
471664
51956
1522333
127895
392927
3136646
328411
2972551
1361762
151762
187994
3851983
863579
1037717
2222880
2228879
165338
109301
223753
1404802
167718
41074
87763
363982
847946
81781
1248817
2012740
49403
127560
1403050
480599
160639
74806
103793
1093498
757816
116043
25878
3324715
200045
170188
35957
1456883
35373
1688154
56685
1069541
2483555
1531985
121836
486740
2692599
2038
784164
3700140
3424921
1161891
1013881
1980173
2038750
115509
1484448
669496
3324966
1640115
748754
2101692
1806803
62975
1111225
142358
318142
787768
456937
343528
186428
2266659
1784484
1949029
1564827
148839
2542628
2682795
187574
90192
1706256
31217
372170
174050
1312373
284702
92437
898597
2218609
370883
2023935
2223745
762207
1676603
120487
462324
535189
2357612
836764
206199
2768329
1199897
812041
758468
899909
879786
451812
2788498
2277298
1955867
228607
87923
100727
992437
1010375
2311409
1012279
1895641
136564
464521
119853
242653
1945005
1832117
784240
253159
36547
1046469
166350
875798
1921228
2098940
40635
275562
936047
1080030
254824
753001
721995
801217
19043
937019
336295
2304140
2138515
1937456
2011121
1053729
1503731
946821
1199949
358273
2820225
219313
56334
1518770
1807913
1100265
54145
102998
221870
819448
25478
918415
680831
340923
3042887
1785329
147449
380870
82298
2793864
1052579
2024637
2474574
43584
580249
678306
292396
875149
481450
209990
3247645
44607
307798
134856
62408
2340133
1187302
1210444
1055022
948357
1803114
1620060
3699428
2198659
325180
887145
878369
52031
1406448
47686
3077757
2527582
1455779
2821003
34328
1745946
2679078
107794
2192267
2474728
146583
1639118
2233986
1027973
284604
254814
135499
813930
799711
517570
2160014
720314
1393008
2229381
1445198
1017572
109602
2716750
1588701
95247
3461299
831705
2280822
2162263
584403
309198
238265
2567925
366164
120066
151701
1626556
2702113
2126752
180901
63412
155543
19969
2064555
1043092
139240
756423
1951921
796161
1091460
461989
3211577
740064
1597247
41081
1179268
2687022
181730
737578
1181126
1017530
326010
75728
1297716
93021
326451
1261914
878124
1718994
276462
2152484
1969376
271986
129961
1058053
1571556
1205029
1845292
925160
971528
1881833
1245276
296435
101236
279619
241695
90032
163362
917430
156538
2378291
1906932
1579854
854497
1854467
793846
98301
3500383
308350
58239
91005
188411
962854
2243095
1412578
1963713
557406
2469420
135549
94471
83585
74754
1512325
983881
1526562
815520
621975
2729553
163505
687764
57002
2583506
136509
396009
1231936
746216
316258
1762937
1179494
77580
1368107
327526
1782778
172360
34212
730528
2409609
27415
195419
1533384
314014
1766247
1246395
133737
58143
1253218
2271790
1169773
514824
2124108
793190
1949793
221026
1849487
2298047
753968
48584
42710
1746869
126134
1414928
3091763
174285
664851
319376
281914
690813
644167
323726
1508978
100198
31522
356638
112035
276451
2983686
171289
1128452
3098079
2513164
2961262
1170750
110915
1016701
201700
62194
561405
1991895
1076952
2079597
67899
1849131
1013267
2059892
100882
2813275
173959
1877730
158617
136033
1236035
1251181
26451
559809
2187428
2067426
2317701
544039
1564926
659110
62589
49312
812157
1173612
687303
36223
3044284
2596586
1875396
474549
61124
634965
45176
425707
249904
21577
136269
684221
1707404
2635564
831204
1725346
143915
1987908
774758
1936713
2065929
2265858
159029
1226282
1652992
2199381
2474770
1572141
31543
152077
715013
1451733
1541094
1369208
94634
95459
97976
3100050
544136
281843
105713
2830674
766319
1271953
2549327
637397
688618
1443448
142523
1861010
1949083
488470
505421
1938169
174604
1118876
317327
771879
2094601
1225317
1577751
149976
1962374
1369527
191805
1353632
1183974
927754
82573
1762629
588679
73982
987947
2639521
1127275
1916377
1716980
121767
48327
804683
1950626
501107
1857506
43088
271953
36077
293189
1359325
274033
94552
98615
92780
135177
511089
914220
80721
1809691
138099
559853
139821
1754659
1350353
936808
2193255
368697
236782
1679686
2321246
1571245
277080
945660
1922668
209895
951399
1039881
41647
1518701
2193895
1770626
1267365
172061
2402567
3030980
1007896
299716
264364
771495
2658939
3063313
1589607
54373
1973466
127163
303160
221409
2177011
84571
635559
631859
1840736
1406340
28068
1266447
265157
526964
3512240
85501
149585
866798
527533
146126
45427
1791443
638019
1527722
1817847
753167
2794531
257512
134050
1465149
2624908
746296
1502044
104621
1626406
147835
73078
1514367
3634155
131382
182758
801557
119375
78049
376703
2548344
954024
2880284
1567435
1476903
1246807
1294900
280
2817542
79190
1101124
966242
1368115
2852116
1632362
148704
1817464
1920631
131806
722160
907850
1121378
2307744
1073974
1930793
89523
55459
110855
41761
1607404
790355
2935781
380353
67090
106792
1890216
636109
856035
1606637
104842
1643106
295824
1124857
2650781
2176572
294729
803739
152127
819696
3010178
232288
1104409
2237868
1024212
2911827
121650
31079
99858
333458
2681192
123232
2109843
1982162
561674
458221
878259
1450423
477955
2829118
103052
57332
81668
27209
84824
2333273
789752
1985769
2523158
1459734
60848
1454622
74959
2924443
807302
978757
951171
3161319
804793
2600081
316176
155164
2119728
2017162
135200
2713369
172455
1604318
111174
64905
88733
1412370
149693
459513
1120184
533695
207721
87396
266885
743069
2067098
1078109
2367250
179666
136203
2646059
622571
1120537
2176783
239259
171256
1194585
1530240
214038
999724
389698
1868446
2349543
2450028
105472
2702693
1040239
1481747
87580
68431
1076346
966576
734452
726289
2247825
74555
739982
2333831
21842
133654
2331975
147766
412288
951393
169639
620103
833432
2383276
1054884
970508
157155
905436
1101611
184846
1384674
552906
2724800
2557258
1082260
1360583
892807
112845
136310
1741989
593301
1183233
86925
575205
321973
140079
176514
1150687
62636
535334
1863800
911602
4097136
3003706
1024483
1169638
2873301
374777
135995
1583228
293206
2531164
1030861
258342
2564638
523822
95590
139871
137650
331565
2061247
1705647
1443585
69730
541676
682169
45785
1908618
1526226
359261
461620
1226410
2024583
1989355
1899764
304446
2442744
795101
50867
1171420
339184
857344
291553
92471
201707
1951034
368
3119737
758598
139221
177003
942356
2742986
1241727
142356
606213
276165
105806
1853005
77256
19696
247794
136749
884617
2290564
152329
915925
148609
2593243
2475900
210764
1352853
710753
925648
2113247
97171
700547
352453
1213607
951988
778552
841068
157886
94994
185974
978868
238876
198676
556026
2992208
2272608
2826914
1987792
357470
59023
32402
154226
18275
133852
611679
1922284
932619
760932
1912651
129875
96351
82755
2493509
2294521
1412291
845378
102168
3572698
952515
1937747
1623401
93722
2970864
115384
1766664
74061
1163028
451227
315939
1544643
263105
177735
2116055
2523873
363061
902088
121334
736592
1325315
1786254
111302
226839
912431
364990
517757
2993246
1954178
43184
486824
34113
1758310
1863869
744184
662046
1005016
661929
2654196
2414165
950866
42037
105697
1891907
646319
2465901
93027
297350
1528842
1717652
1462836
1071694
97521
128680
731787
634479
122024
131579
821298
2165228
2209138
858746
274832
2735238
354591
888488
70052
2113285
762638
2606069
1272505
170862
114270
3078415
1907379
538388
2471417
130418
998445
149888
2754891
795798
1003565
369349
806584
496053
344789
56870
666199
520208
1687778
2198933
95743
1888862
26902
2559209
1749089
2260818
128283
404940
1001573
20534
3029339
3318054
2639545
1738018
493373
1778015
1350927
2666335
572063
2245529
108763
2754455
1559100
522317
2551698
92738
949650
2485993
984498
1631954
406247
2298522
1317124
315867
1648325
516452
2503993
1941499
47328
293573
97416
2831663
153418
1222063
1026749
67952
1301658
169292
142937
292645
1160295
1294757
315090
420598
39421
2321257
2479479
209633
1708785
50148
1344836
193835
438893
2946557
3023414
252319
1163515
2558545
2086065
29426
814598
860022
976695
428653
212118
2404195
254027
86030
827464
1232538
768454
432559
1189391
35887
88251
234378
878035
3568573
1728493
2584895
947015
1836772
83925
2336659
97992
1966785
1746520
853094
471829
2514916
368845
620789
2588321
2424572
2138577
443195
1315184
1400195
1547489
703584
1065821
925955
1643631
1984424
240539
179816
1530185
345518
52245
99238
1985263
1347710
891542
323264
1244293
3249517
73514
800969
143113
126859
56297
30100
54308
790551
1242637
2388297
1593573
29623
9903
50496
246748
307162
1800218
64909
1676639
1736323
908550
255141
862338
915458
141866
98452
1298998
490438
3122809
2352233
1346729
315835
2167873
367647
1902818
1069448
77066
402349
501049
793620
50623
668615
131006
758189
154019
1699100
2351580
99093
1609753
193404
2035761
157108
1966027
37074
1229732
2574593
1940584
353859
667021
1469136
1301326
1093095
1979462
364257
685380
364711
716269
2781169
927963
308917
321356
1578307
1466873
1618753
438061
1182535
1370207
34941
1896862
2671118
860472
60890
2623831
1608662
1270965
1101999
581931
210359
81252
267495
1223915
922600
131009
167300
1559394
1578322
3745820
2099728
550578
1370268
140805
629007
979599
2176920
623061
455935
36574
9634
2632059
1982341
835098
1165959
30884
1779729
102527
81577
314449
176280
171031
3256946
99290
139470
931908
1490588
76612
328588
1259280
2588365
535714
793858
164689
3275834
297648
1411985
600533
81227
211503
676445
2807407
292743
1865414
162520
502042
378469
270586
681874
2727221
53877
591347
2086666
507626
425725
264439
653381
2107630
269859
148298
1220425
3241746
115574
770372
1538507
143420
132641
2146365
89362
1414172
211125
705760
823842
2161658
807586
1803623
1166837
1029189
2326036
21045
3459770
665475
1394181
931126
381798
1009227
115340
824633
947134
2240404
1124351
219090
2247598
1518683
39801
34487
2134948
3100794
438456
1722791
1084056
1817450
1153526
63875
2608130
48837
119028
95149
399269
1814264
2548907
1992818
728724
1299481
2500691
1982762
1433283
313159
206529
32935
2540371
278262
160059
196222
79301
2498021
324223
777821
29855
517651
710228
2332941
2125288
148756
181156
2509495
2824260
2380150
1201636
62118
1029795
2517295
1513230
717345
213750
67469
745360
948538
2153460
2561309
1836773
133596
722674
1360931
563625
104549
1619453
2266726
270886
237675
248474
447179
529285
682387
1864837
2152663
1571568
1024521
1378623
2114146
451383
994934
216031
136419
2131792
676948
2908653
539436
2098034
953762
1291369
47548
23417
818080
95495
1528889
261417
2518267
1105592
123607
94845
2009432
58325
1939586
498711
71842
43868
687624
1342357
42723
3035152
753220
97397
1822157
951778
665565
920453
902488
272867
222331
335041
1921032
40428
72410
1734135
228646
706003
320837
1824194
437139
111142
238922
53617
1155253
2804276
26221
1299287
120080
1837010
384381
1865366
261729
1245003
51719
3498553
353384
1310569
2489792
310067
101946
140505
168504
746858
2751872
791595
633251
163925
516748
884031
342228
414738
2220287
58037
875324
2403266
2703288
181827
895014
1560476
1178590
41954
19381
24427
59052
1314214
36894
1607978
2839870
3412482
662054
114379
186407
876177
2279624
1541404
888465
514874
2150449
2939383
144320
1448070
1772995
1816648
1464494
28306
2983701
2164095
1002358
62748
1530797
1415661
101863
814676
113959
2266414
1612281
264140
436723
1123616
807867
159121
211878
2462439
957468
823258
59643
123472
240498
2027309
114632
184308
173102
2229508
2177638
1107102
2897720
899144
1954858
2042992
57133
412968
782287
2182886
677505
766400
2210045
1456771
29368
2745911
81283
65177
52900
141786
238648
1813918
1395662
2200001
710769
61552
1084372
861896
860047
3230245
1383154
153631
39209
3583839
2820386
1203968
1921785
104117
283968
231922
796577
2105097
2163121
154260
855536
3029050
1700561
1139504
225704
1088204
1277275
53244
216690
899398
47086
2914811
219972
1184314
305215
1787984
530235
26650
1461560
1486624
396105
149820
158911
779416
1194389
779200
421129
226884
1030968
206298
637537
2352087
86998
1508788
313319
58578
725139
737406
37759
1775842
196870
1437594
941302
1327122
1977950
3102108
803783
6435
461048
2500672
824038
560522
1552278
1668035
840426
66609
2246654
783860
1412281
139170
2635559
876674
828065
3237780
440787
766560
1026639
760811
973399
18930
233068
264752
1967430
2165641
773567
72258
180969
46184
979412
1398848
1098253
209181
474591
869196
1109947
1483781
582517
115544
2377855
1967557
199047
3128396
163353
2006294
1374031
1090281
542640
126408
808402
1014415
256800
785162
91037
180418
52918
1111493
198428
110795
1555562
549643
434118
2887762
3554008
687323
653326
136492
1128526
995922
2786556
646398
102290
960304
1349931
2358149
102371
603591
2084316
1766841
168457
2879865
320676
518069
3370430
2236734
2470867
92353
903735
2532601
1450182
1040825
188891
119742
144026
2265852
70077
556040
641071
517193
836756
787931
594197
1968148
962194
383622
2272647
2430730
159780
471833
1404407
188393
3551703
1007699
1966951
100695
1314404
75359
2274500
712983
566159
3834534
693446
1755497
880198
40807
110778
133900
1063623
359869
362072
24843
1506910
1321781
783874
747358
1600415
272524
681161
1040424
3136801
2833713
471369
2123717
143223
108187
1722406
2700056
445961
2250533
1996837
881313
27980
2381623
1241711
50361
751780
2279601
1753423
256580
2591930
819082
184215
2408391
2095869
1457104
617429
96765
1113342
2460926
1464587
134842
2288017
420793
799600
761802
1768241
709479
1569153
63321
1774821
607813
2176825
1911078
142447
215776
100451
2093823
1115521
37249
1582624
2530869
1409967
2023147
1645687
1582549
1402715
2328227
1640466
13426
778244
701018
2073452
312547
409033
2276018
738679
315115
860793
844072
114324
98296
432913
69098
220359
2318096
199593
1677854
1353936
1553271
2138468
2530840
134130
1740182
96674
1200520
454385
58958
215829
2953703
133255
2116308
1299322
1822454
1293720
1210485
2541870
225356
653661
399438
124521
77730
159731
2770392
1837859
167378
157856
1952151
603533
677541
1412813
136322
1848882
714591
812161
2471173
1509637
2152441
681412
2251265
832841
1817228
180179
134563
192320
725166
1185756
2679998
533332
295319
1765587
495590
450766
281977
336653
215
154889
2842797
2671886
93240
1351956
1767855
163008
197393
19964
500753
1079906
515023
1468912
2115037
596161
734769
2689519
1175910
134269
69706
1874990
188835
309146
2163089
2040771
1288186
83551
61183
2328043
1504336
1953873
2736778
974422
81136
228557
101916
66363
2813781
1007522
126499
2007799
1507681
2645668
372326
3419793
37370
908398
509913
2189310
2359099
156592
2520164
316032
153926
76770
1875138
1517171
1102580
1688458
2116756
1093352
678396
2487381
2602090
1863992
68516
821273
2388549
1811676
75
58243
36749
46188
3311309
248490
829745
582801
177916
1526245
1625960
679903
1397316
60064
392637
200803
210696
365128
2348226
755900
2790135
67018
85852
168315
1276770
84142
72441
1007546
784842
515574
2782887
1346941
753050
66029
26158
38116
1531858
157911
2589997
1629800
170757
59679
1997892
1131903
1407818
192324
2834725
1130164
238052
128780
1087786
129451
2102353
1893606
894409
1635233
2069748
31097
877655
1729283
48372
734
1095001
1329273
2054191
392786
2654262
902721
456990
749299
571610
1882794
1309113
87764
1350134
1942387
2915644
1579836
2486052
62203
1176528
2268036
107392
260592
174939
3893227
153484
108998
205305
895643
2476527
1021976
750518
131966
807219
46827
3105314
158107
766460
148911
2719818
32000
1667534
3152118
883126
2846548
38531
40101
100133
330180
2403233
395929
39205
148988
720590
993270
1156536
1167189
531078
244281
2731544
409808
763122
144284
1591251
1317709
637747
802694
307657
2586420
449640
2198640
1647044
1164044
2872860
1605048
2922759
1156498
1153267
955737
2925833
863159
3425143
1022071
258384
113897
1851537
2327934
2564751
60858
1947706
1829718
3607095
756249
1508083
2811014
1634119
1378899
292845
177871
1183373
197482
1020458
652226
2651311
964122
104867
102891
626343
1749822
92878
2256316
112158
490263
1990348
1961325
206157
1138644
4104245
266778
631413
135609
164268
1745037
421076
57442
1539039
1007169
1299913
1213457
2755722
3613647
603691
69828
78220
844718
53733
594301
3793450
1955955
72783
2904
907299
1320129
430908
325523
1974367
1596506
815846
590575
1419149
592143
63783
2507955
2747884
34349
887252
80959
55242
642573
523661
3012110
2427894
258977
1257904
2042429
1580160
1403598
910124
2133726
2105996
1898137
356691
1911436
2223076
1324387
99989
1468670
153771
1004511
3706039
861348
100392
1582824
1849025
799166
164669
1799431
513245
1596845
1107970
2946220
17728
1778866
2259921
1551942
773120
1391282
1706011
20990
2306337
112583
2728174
272235
2203594
978026
179445
119575
299364
40561
187830
165793
3675774
1364063
2072986
1997316
1148238
2348869
75280
54
499713
2632230
73139
100526
830047
1731253
1288682
3158285
1992112
1787941
1783632
65810
1316417
565639
457774
828527
2568969
1113159
98109
3048435
72516
1355245
492862
67620
412053
1701278
673275
31334
1037695
1069949
654520
1848678
1456306
3263749
464588
187730
737914
1155515
130055
2365928
257973
1312305
1725906
1791152
881123
2755105
2439848
2948845
88
125784
121000
2788315
1345733
145706
2077849
1871842
1060951
168031
450079
356498
1451896
223490
1453131
1971100
1512368
2164713
38971
799190
230976
227403
1031420
2659385
1828961
35426
35206
475364
64001
809914
1688157
2408450
82604
52735
147485
1213586
837605
2464761
2834274
1920741
127115
1301466
87230
367779
154714
471858
16198
1989563
75689
413141
273799
2643244
2583792
2719875
346804
1258579
102242
753081
1451782
587577
2029046
100784
2741045
1249109
40627
2457075
506013
1757890
176583
37967
24428
2463143
338862
1296167
329967
1555061
183350
1097393
1068447
1454378
1779816
48071
119119
550087
3716285
1432556
2021258
73958
492841
388371
2171935
925360
1054416
2535608
41320
682956
93219
2069939
938402
61869
292725
157205
117236
137842
3263851
84916
283499
132100
1227001
495776
1395949
2163092
19054
498671
163427
916150
139000
840538
723148
1727102
770744
753632
419487
340484
669102
1898745
37166
1890080
2434035
680689
126920
3213577
458813
2346668
664611
201814
1010596
1491270
649616
61450
2941504
561539
261898
86352
1217396
1630565
150785
2241878
392718
121434
1170103
831443
59359
3453813
43368
1260007
911001
3205642
2577456
2567431
700975
1922262
127326
158766
298815
252002
3436834
1206875
2178087
635861
2430106
191580
58550
163462
157104
2484169
1931138
71242
61507
232025
1505569
680394
307852
1696240
1897206
916387
377484
2367231
122919
1049018
1519346
75521
342369
245966
853167
1598674
1405119
22131
917369
52741
1876815
1949714
3378793
50430
1156963
1231420
42654
26191
1191831
300689
199085
511559
2561149
2920974
1165153
1280968
166890
90479
3150351
2005439
1488698
2201971
1002341
1490025
1522511
2505289
1841481
1258911
737408
1675384
1977469
195946
3007796
27124
80393
46996
185506
32619
2290441
19641
739999
83978
929627
163935
1093605
90483
2654033
180194
3077593
46916
1086188
150676
716625
2403536
3324021
77089
2047406
102980
880206
2653596
449848
2082447
186665
99501
250331
389653
948540
765873
156679
462478
1505568
3404946
1535588
55922
2123641
1812392
84358
1177274
79538
276847
123478
1975112
22334
2090785
422762
344760
53182
735833
222591
804534
1263775
155101
2189653
39715
138930
3242402
2777735
233184
175430
602235
154853
46587
2581265
278399
288554
84080
1760666
1251792
460761
1986409
140245
2719437
934658
151838
371893
149780
23697
266968
2262937
1974270
2599084
896898
306049
144595
27204
3822779
1634027
2622415
1985640
533651
2133558
436277
529883
250926
85738
69234
264643
156927
3250375
772685
693621
414972
2581182
32994
32064
80229
1392007
1791372
475240
380012
32570
3685220
136129
1619973
62570
1105931
462678
252741
2794378
1219310
2905739
1212520
767037
67841
156905
2465806
2060211
1417967
433958
32106
1551599
37146
735817
171642
2788620
2872780
2103267
813300
1437218
92314
1533859
210009
111949
1170892
358299
818370
996708
1083470
179507
2836795
32088
443215
179700
1555292
332754
79860
1680262
1400252
1947213
931597
357463
523365
76746
1707563
3533519
2901058
1053330
1370973
386393
3734290
1844413
2423260
935924
130133
2608241
2253531
718046
712015
69630
1016391
1497943
2358653
3270033
275195
2751338
72425
2436954
1252615
55066
1958930
2701054
1892784
80102
605009
1801586
836339
1083102
417884
3252495
2407235
1974604
1604286
190704
2064236
20382
945304
145563
1794170
1385668
1426926
383455
69102
83804
2381505
128644
2696456
1944029
878856
2394332
938044
229676
68726
2726346
289433
1220839
2523834
1468243
2143181
1939224
192314
2058813
1717644
397402
1430503
2897563
429989
137685
22956
2203622
171617
2817192
130851
65883
105947
430351
239903
959233
1287685
678133
46461
2813535
96891
2784409
37642
2491567
2133576
54981
1018829
2492890
3320810
100558
1016103
94640
100375
1554602
120027
115457
549766
423545
3103301
173383
2173718
110536
1226609
3121664
62642
133548
145325
146869
670892
836269
628369
2073439
483880
716937
85816
3047001
1082726
1688332
1254973
3129431
3536969
363298
158061
2061232
1444745
1834146
760779
3097451
497769
1861586
48498
1455320
186
1027188
31377
647119
124056
88867
1167438
2099403
738980
41100
1778101
1601400
309501
129285
2811763
44133
3214886
1557370
115259
2414778
854344
3119369
167963
2719893
279757
595215
2976489
30570
137543
80384
289176
648409
935504
1041651
113776
1857147
2883760
96792
2151912
353182
548741
1403318
134769
531093
1236211
279633
195502
1674585
157735
77238
2788624
1700588
2679663
428270
65375
1389839
27848
2639581
802200
1962332
201210
190304
111902
46362
1365253
1786136
1768797
1946996
2265794
220760
115733
2721306
2446847
2455484
2200923
1317258
1293172
1460396
3036752
743343
155744
106217
646605
1043373
2503785
1794985
116095
998769
438922
929532
43765
1576912
95122
918041
1519263
138219
2754196
1907310
1100561
588523
798711
113121
3077974
1535348
39542
147656
284070
1455515
1008444
1461892
791432
3045021
2651490
221329
2056448
152
501089
1700344
2209201
188065
140963
2701095
1111586
1350490
788662
812028
1989886
106050
1703567
2011555
414352
414608
963877
1053843
215517
2582524
577393
2173926
320703
1947604
165342
2610290
2255367
314683
58400
1215360
236067
26241
572928
1695388
1280280
217190
196686
800195
485631
1517923
865102
1863918
927819
334989
85070
2419834
139870
1853800
1321495
99407
102426
42244
2635967
130879
54464
204230
335299
161572
2691949
29505
2263159
901219
52730
2848730
2387517
1127159
170570
10801
2160548
117280
86142
35413
88697
3220384
1862002
179972
2106818
59325
1636127
812884
73384
1896581
164690
1654130
26346
2324562
187821
97020
774514
1684963
296384
117433
2586410
1259934
369757
201731
36280
302266
376997
2894054
90987
1597953
371178
124599
667067
2478408
1691052
707802
2667
1093609
2277236
370094
1530374
1118574
77170
1207645
1926204
3400124
1935844
387361
1044354
839947
99962
215566
12464
81860
563301
76421
1377271
818062
1696465
12945
81958
738661
81292
1109797
946685
1522760
18380
272843
254481
1971061
1508554
81806
1009022
1932874
107099
63128
2080632
1383719
117960
1189052
2701764
166447
1687369
1349478
2753990
2979584
3396110
1949559
104425
75253
1358482
1672204
78406
74536
2729155
1302566
196888
144088
210161
1291078
58361
196696
1174596
511046
406224
1372489
2540955
659495
1773961
91064
659774
2153914
3014649
1838438
2351364
2261823
111996
99846
287959
645847
570140
59016
51155
2415770
653816
32081
1420671
922587
445615
555236
47817
867747
2718238
2289268
119056
99009
1937046
65456
128935
2431627
20815
1711695
2340215
138357
2342579
70216
1461701
1049403
1672674
19520
2447271
972834
113587
741840
2458707
154813
115425
1146709
1428949
2514750
1741661
284818
142462
1220498
252720
2190130
1704082
2153590
2462350
299011
1228631
1431202
300531
212045
1415526
1159272
1602921
1938392
2723894
2417486
256892
90490
1179007
1520991
2191417
1845376
3651245
2437708
1257134
685262
455455
155430
828093
786379
2420700
1494341
1690929
392107
985004
1195081
819861
1350071
364664
28939
1878684
781766
291429
507099
274085
327256
42422
1790755
29937
159785
52298
1733345
1795514
2083431
50174
2067473
144572
748957
1682749
751916
226161
1584052
2011390
2341586
428292
577429
23557
1682780
1830039
959334
2786491
3119078
915675
3713479
975276
487759
2147791
35611
1580208
1911640
3470474
1103166
1699724
82749
999692
1130699
2495113
2589798
886712
1447252
2637278
729829
3119245
1459804
2714678
1133290
217717
921164
1815397
43001
454158
1917058
247037
56470
149254
404550
2241460
28032
687092
4107668
201601
3884886
77558
129641
587481
4008
1114754
443615
798208
53765
430371
392231
1937819
395399
1912765
92762
295356
1520526
301690
61840
60790
599995
2483949
866194
21422
1715859
2185567
169474
88207
3178849
84129
5377
313888
2545789
276365
2061192
111285
1715955
2332088
405955
165931
1840780
237694
297345
1324830
725622
161558
1645523
2238109
2136080
3833969
528220
684823
1130570
2784282
2270763
733550
509258
2287350
2827074
3354278
2717039
365446
74652
746130
854972
965345
1934098
49050
1250935
606167
77996
2416656
34685
1191560
313165
1505448
78491
661349
1460113
1155984
78239
2448542
3316387
1988001
2035768
87650
943328
1258033
45658
357638
231139
99465
530121
1191987
253528
512707
2631589
262127
540526
2208111
1425353
2336216
1414400
1810154
288177
37303
73581
311120
2510388
1121470
518731
1786282
1554749
3875538
3197402
1652253
19753
709264
305947
174684
91367
172968
2111436
262189
329499
2991731
2016040
596081
386244
1310801
2135933
1138803
96973
661480
1280898
1686019
2280507
407541
185781
3644943
2195883
2006020
1803069
375423
1204502
283722
47930
1392667
279393
1020665
333375
2520049
2311535
1077307
77387
1531707
662095
60055
598763
1151104
495500
1404537
2239240
2533314
93949
1886617
1530270
2150812
55003
845118
1653225
1549486
801303
28152
397890
217670
28598
1418129
1633532
856204
474326
2336765
1843244
49138
881406
988684
1538007
2360394
1831261
87730
3025203
904257
187727
3216574
1164179
2507141
3036790
2235536
36206
542996
2556965
259823
2358427
26638
735458
23708
2819736
1926125
2176424
1166497
344892
719804
1405574
2086068
2015394
101178
168794
1862183
441920
193515
2336252
63485
45239
3055117
76296
2218123
995563
2488047
66514
1860818
333820
1372384
179947
2717891
2824101
1510844
3299371
2010902
2139225
1765085
692008
1432041
1131424
679019
1486151
1426987
1950573
494822
354094
26397
908373
2338753
3601681
188318
40189
691613
757847
1216208
99981
65405
1565265
487578
30301
2824039
2478754
946877
2830966
167194
3011628
879617
834354
66474
138247
2296588
163077
113304
1590239
413678
121808
2065548
1701160
23745
1433258
133398
602917
1084356
2384814
1700432
60081
85874
1287496
2360532
1819505
712347
2559639
129734
1126227
77206
126446
1358243
235581
2433160
1046536
496376
12506
665509
1207948
116999
35778
252065
370143
2096102
77883
1421827
464496
1583947
1846881
80863
819180
2084845
107200
2606088
64153
747320
274537
1657931
2525841
2361038
105359
2633220
339650
1846898
32230
1043412
200909
1092280
170799
1630540
939749
1083583
2304344
77801
1846674
2936635
2459413
52276
2306234
358411
201644
1766901
276113
50519
586031
2095147
2149349
863143
1863931
33309
276271
630519
646861
2943272
1018115
820481
1087690
3834746
482766
1623526
3355394
52398
406755
124512
79105
3008156
2071069
1025871
685688
2511242
2853732
1011648
2205164
45625
1772632
35401
3844643
1004742
2025393
2780547
144610
109706
3238820
1324772
18830
75822
1968882
1613466
76419
986939
534477
2357714
2270502
3877186
149364
741467
168768
2524959
1515367
841922
1642644
705310
2276210
3608801
525399
833485
727637
75417
1183543
2572132
1579914
1714819
248158
1149471
57267
659991
981204
1637717
53851
929777
120196
878993
183346
1030909
120250
483882
2829681
20177
93947
3832030
600355
220775
2960557
79844
1858669
847322
2174699
2075085
1560533
2972134
2266069
1672513
811675
1329017
1858652
1602151
218055
1307641
2070409
1316291
355325
665369
122433
373042
848781
2438517
90672
59572
94850
1413439
1570810
49532
1733018
824085
1960286
126903
2590322
271638
1706410
2312864
75598
2557466
2965574
1518944
2254470
3559361
370612
93048
91880
1125642
2693226
3279860
27027
1968436
1984690
1502732
834639
2014634
670450
295097
2197486
148653
98995
2472
619513
1774662
3279847
1958623
1512693
343060
281502
1504481
148549
54695
80058
993361
315101
2983168
3044945
383224
727426
14586
173832
1563057
103102
1618407
2937261
799473
136549
1649884
1914227
3318031
1643641
1166435
96358
3201165
667511
118912
860220
1363350
27611
188541
47745
1525573
55740
115586
1930332
1037583
1785311
70027
1085914
45544
2008671
279376
1148383
939983
1763938
2874408
159335
2862298
678466
339289
686374
535594
128899
1148904
325950
725412
322742
1071401
1593927
382975
89642
471475
2790397
211620
60546
18170
2084319
2790439
585711
279688
125518
1856888
3131277
2527867
39777
2513120
163939
2701483
2655469
194798
31782
68955
1572
2167822
127264
457456
2817599
2230657
293807
169006
154913
2548703
2825255
2150750
68520
142772
1662810
790261
74097
42432
767493
630591
76120
542264
38426
2227269
892477
1145319
87339
1367351
1055359
1605969
149264
1405971
2234808
3022250
2321904
1518125
195477
2280910
762086
251475
1077157
1349635
414881
84839
2764843
379411
329508
120921
333416
1027369
19467
3309764
339959
972034
885270
1939637
77249
271557
286615
812290
2951751
261328
1891389
1501342
1566770
1367473
371645
84260
657498
427090
882246
308040
27384
1693956
295857
918998
1411721
3399735
425643
2550067
1208710
459739
123573
2437952
170706
2599592
160712
1922808
143855
148065
2943157
3977348
2840229
539036
1869526
2549281
1403923
1527360
75184
579751
1694787
3242187
2750570
919
757792
119789
1360740
94187
714578
1146399
110
49077
2384193
40380
314149
78233
936442
1988066
122412
93167
50907
190458
2609556
1560218
2545348
2049344
513847
182613
2494075
515453
22515
941427
1765081
999064
2473047
2201688
1582287
2960147
683397
1196449
917452
812010
340652
80044
490608
1483766
159874
1562377
144387
1077527
711923
1800924
169090
2512199
82404
793357
545228
1623091
1749294
53650
437377
160132
1625426
519647
90940
37658
90383
3061405
2341611
36003
3143411
869537
2163138
187884
2219880
329593
854599
1304374
1504551
17503
1605533
158564
1857216
1868484
51395
436998
2140939
881700
1313121
289140
2061485
3033142
50040
75240
3171835
2028973
1159135
57475
3093678
2628039
2953047
98566
2361635
786636
82353
2655079
2443643
1851468
923245
2899188
2192351
620333
6097
1841645
18682
1345821
2313561
1083920
332460
1845874
525278
156257
792343
1433156
3413467
1357081
396554
1246253
2652885
718620
30634
375467
222527
73122
2533281
521750
3153134
1456940
476759
1071438
168228
284865
2382495
1322054
2579626
211802
2799073
416013
2674928
22306
2201298
2224972
2115970
1128725
127391
3152714
376721
933746
43231
3569579
678364
1529551
336
1260061
1838383
2172157
148944
419551
763875
2402851
1481914
3577163
43854
668162
866500
1673118
2347627
2509341
2341602
2514621
738558
45742
24567
2391843
180925
2047677
32494
61953
472580
2651794
2522580
2056282
51586
32362
1778453
2099172
443270
1890246
356066
2929300
227976
3316275
39076
142375
734927
85050
361837
1662871
135646
98491
2011421
1111350
19979
1293772
35034
1231704
2026680
1071072
135985
119489
1194953
3353486
246194
720614
256696
1777057
86520
1404020
2699135
335039
1491488
1028017
2602075
2906125
101523
138432
1553352
1987536
1740944
2396469
2160450
1468735
823710
372016
148509
1689162
10679
1685444
3144020
197198
393809
49874
1812562
2303902
1670401
2076387
72435
1645293
1933528
1630844
766689
2234222
1113894
63530
2202224
776950
727447
1410815
43589
2153405
1964993
1804650
127622
225657
28654
1815665
2545971
161577
1918233
2616989
82711
1937291
549659
1419003
2154178
57540
1693077
71622
728960
89329
2612374
1475516
1843086
81216
17022
2022565
3106432
55071
1962939
57561
3393400
1495790
1083643
509269
116382
3228439
2440133
112935
43315
171024
2186288
251792
1911665
1658370
129170
347778
1256483
726055
46769
549193
57158
592113
1685118
1432508
355510
3142389
2365948
683579
3296020
1356755
949721
2652057
2344578
740976
1581508
84475
2042329
416491
149128
48678
877746
368503
1643085
1619682
1082403
1640342
213713
2562794
27293
272808
35004
220245
1219592
765525
145970
148232
906940
2670926
443588
2536733
615225
1082510
107702
136729
1392244
1018995
255342
3180527
132414
140108
558382
108956
366974
159851
2013792
2205929
939209
2184545
1794350
1712933
176006
168988
2015483
724348
165690
710325
65756
1811477
964534
1259998
28978
1076624
2510779
2223705
92262
1441454
1180108
2796778
89932
2294879
2217244
473992
3415931
2145649
1406267
86868
58527
1093148
1036735
1977736
277969
107698
2594993
66684
1634526
818022
1682101
561749
285623
79528
75574
48581
889087
908093
3007202
1440743
2519013
215383
3939635
3332588
138920
1937551
2242173
2146057
90094
48737
111647
2336671
1413157
291839
2510298
2390023
1492621
298157
190333
55521
646710
800385
117232
662524
15800
942418
765017
1830226
691494
102027
1052795
2139556
1433598
47244
2199786
1872559
152561
1405572
2675575
2039845
3690639
2207263
253595
35893
2954172
1684824
828030
29704
2237405
1554713
108146
1168376
2140745
215060
863563
148982
2287873
2108789
1767768
2359988
1558238
2200841
850854
656134
151101
2896286
1406420
20979
320981
42716
133841
2258368
1584258
2469840
129755
583365
2978930
2749261
2664322
761600
2319274
1830523
172460
2474287
2956597
26323
950170
1505967
967296
2439851
58970
107938
1894825
3736423
3053145
1565608
161742
167779
92754
1655243
303385
2680455
65863
45710
1163952
2884975
204360
53283
2414527
183355
2682675
282336
2514927
173796
30481
2944304
1724776
538581
53043
29859
2168248
3436442
68581
830164
182268
2563055
2809534
93893
1661873
1032915
61178
56723
17051
455176
990325
651487
2900330
3182073
52055
238938
53229
2697005
3138579
2750275
350435
2256759
200805
2998904
219360
2772588
473200
19498
702532
159007
370551
2707569
1804553
1518409
1514465
34086
2183659
3262568
856125
1114574
1462875
207899
2766688
2285354
82397
746471
792303
508267
1950368
1792343
241934
175211
92339
441680
2769844
1706996
1980287
58485
84128
27327
390883
116739
1571470
32330
2530762
15514
461045
2067859
179089
100758
37430
1890972
2041389
88189
43766
42691
79879
730592
1538480
89428
855724
770285
104781
295484
2324154
632043
119586
876349
290715
316018
789207
651596
1354594
133355
1946834
2042325
64092
49748
718401
402718
463818
3089701
1964460
62027
84485
1646082
87484
2634566
19960
3890149
60298
2508518
2048283
1848868
1039510
79217
2004310
2098874
33967
2111364
152552
140523
2125407
260795
1023369
1058918
96
2074136
77683
556052
719098
440692
2027665
548945
2571051
1517820
3533716
84960
1532314
595669
2779129
2041626
282770
1814107
2805961
1789641
159519
648315
457061
1910233
944709
2834295
1611167
690410
125959
1561320
71100
90651
70914
1788065
2505985
2130091
36945
137630
2655226
1088936
20723
1804330
1459621
201464
1010809
332216
1548159
942150
369629
19537
171917
3514184
86080
1969596
793308
57672
3046792
825777
2290503
2585154
2463399
715043
132716
2655697
2155854
398476
1765767
1065757
1153404
98623
424742
1572830
131141
73769
30158
142349
145071
1765311
1428309
855113
1174576
329213
196839
2173549
19558
82343
735383
1053313
1972150
3500223
2249464
2963126
2522697
3279045
406299
1301680
1608125
156585
2581632
45996
988323
506779
146784
190715
1469645
184167
3085497
912492
38821
261697
117613
3074715
1898345
2997438
1919415
2088521
1484721
1141034
2341682
692389
2411547
1599783
2615792
110734
90447
433427
87300
2031053
2992526
2746343
1228616
68794
156687
89606
404294
1246449
416970
867157
846662
2631638
165803
947334
1462452
2610417
310011
271150
1124015
916253
2482032
1314884
111514
166585
2579270
2324481
792011
2207953
41044
615845
1759814
3339802
969314
1730270
2323862
50130
86627
281047
283035
140895
185904
2974083
942057
2863219
2389865
462657
790155
1131747
39028
210105
2082541
1569836
2193177
2827077
1940777
66596
2100002
249063
29796
762507
671657
2687337
1605955
2792317
878262
57628
478605
677963
2038785
923589
50965
2290048
81474
1979504
219351
2944289
417232
173196
733630
154592
84837
1089798
46842
214202
332312
1627006
942386
57114
3102197
1508853
2595817
2664317
163639
1811190
504916
271850
2538808
820080
712144
308908
53380
177425
514449
79261
2911355
51013
822459
20115
1758793
1742470
3672144
122131
62278
3499015
57831
146205
102778
2556347
81234
3262137
870151
3129678
2059459
1266548
2359179
2277029
50143
44031
84748
197189
2497195
2591255
334576
379071
745176
453258
733502
891651
185055
1434723
98163
61523
103412
179838
926137
90278
126401
653603
284104
2218778
39653
2761277
2852070
78520
1480585
1140518
2498577
1650657
57394
81898
2415345
554252
2020343
2232464
427562
978628
40525
162662
1097476
354503
56560
1015266
1481618
1107536
91043
3024863
2423683
2016754
109613
459598
140140
66465
37997
400898
537989
32609
95795
1828400
1349845
155049
2046116
554742
1098658
1128414
35312
1441054
1243555
48632
2811967
762518
2849349
253811
563717
123031
139827
2684278
566538
2991281
2730292
112344
1670874
45101
89463
21908
54072
1470184
42583
53479
155120
1840093
773044
44765
47893
111170
992106
95716
1647915
905424
1676832
71562
51766
934841
48589
2118083
2078195
81620
383521
123151
229875
58554
3473656
125448
3048410
1793946
3019026
235309
225594
2368880
512981
131354
39512
128054
1206077
2293484
155573
107656
1313029
2089486
719964
288838
2078169
2450931
1467902
2404833
1714451
2346577
316421
2658469
1918734
2385599
40285
1149503
2158315
66437
168069
1160206
111663
31611
128024
2534495
2679351
1368109
18286
108781
1476604
143313
3227929
823201
1346807
1139633
226667
1188549
1712589
2956448
2402868
65996
2491234
2232865
3330568
3036162
199555
177961
2462897
1813031
1640540
82996
500939
130594
2594030
56188
297115
1446011
708882
96439
2183138
3412882
552746
1848589
111335
97942
955615
125151
2305400
19206
338797
2035779
2217569
97147
3509307
87926
611931
3041193
23280
1062484
1872627
149080
1760798
815964
64517
3841132
2548533
3671976
347171
33192
1261878
1620047
261252
2301522
2043183
1580728
111468
2038747
167737
1707789
52717
78608
2938206
1168656
23150
783850
2592901
239327
186897
845959
220960
332
82241
196773
1017288
2304460
976159
1740360
156026
1727798
3504470
36555
3140597
87876
938142
2202052
967016
772246
2689525
3455431
2628959
2707922
1461877
1181002
1627982
2615049
861180
687271
361695
707636
561923
697225
1752368
1926736
2504976
736819
2995631
813051
2505389
79543
1164369
2221292
3250587
1914037
246397
3525702
24457
48075
131633
150898
2169857
956099
101473
1560482
2795985
1425091
1613507
1466329
1582471
1671022
445515
142449
917092
588145
3851444
737117
2641658
116760
1926750
130807
2794036
2362655
281122
974684
1023849
2457696
1901052
30972
1342336
239
1545078
94264
244111
1528303
2874944
1260092
456247
58092
593647
164814
3088405
275991
1881884
875945
1741498
2485667
1764544
86018
2274462
107747
330854
2710346
3088855
1443510
2443285
999714
2510378
14651
2389357
934411
938896
195760
305111
2128796
69932
43526
2329696
1047656
926644
373273
1497813
772774
2064304
2625851
1946539
1679391
2055234
1168783
32721
174533
2550395
1254830
1857451
1594774
1947164
2081395
1397146
61980
98409
2779927
3107506
1658821
21277
255705
1603595
3314328
2124848
189923
2715288
2248577
2201963
34651
3180969
1474455
130520
805976
1001677
2823163
1347457
802609
2063899
2911744
829262
2442178
2989093
49866
526634
107622
267837
2480417
